1 2
1 3
1 4
1 5
1 6
1 7
1 8
1 9
1 10
1 11
1 37
1 38
1 39
1 40
1 41
2 3
2 4
2 5
2 6
2 7
2 8
2 9
2 10
2 11
2 37
2 38
2 39
2 40
2 41
3 4
3 5
3 6
3 7
3 8
3 9
3 10
3 11
3 37
3 38
3 39
3 40
3 41
4 5
4 6
4 7
4 8
4 9
4 10
4 11
4 37
4 38
4 39
4 40
4 41
5 6
5 7
5 8
5 9
5 10
5 11
5 37
5 38
5 39
5 40
5 41
6 7
6 8
6 9
6 10
6 11
6 37
6 38
6 39
6 40
6 41
7 8
7 9
7 10
7 11
7 37
7 38
7 39
7 40
7 41
8 9
8 10
8 11
8 37
8 38
8 39
8 40
8 41
9 10
9 11
9 37
9 38
9 39
9 40
9 41
10 11
10 37
10 38
10 39
10 40
10 41
11 37
11 38
11 39
11 40
11 41
12 13
12 14
12 15
12 16
12 17
12 18
12 19
12 20
12 21
12 22
12 23
12 24
12 33
12 34
12 35
13 14
13 15
13 16
13 17
13 18
13 19
13 20
13 21
13 22
13 23
13 24
13 33
13 34
13 35
14 15
14 16
14 17
14 18
14 19
14 20
14 21
14 22
14 23
14 24
14 33
14 34
14 35
15 16
15 17
15 18
15 19
15 20
15 21
15 22
15 23
15 24
15 33
15 34
15 35
16 17
16 18
16 19
16 20
16 21
16 22
16 23
16 24
16 33
16 34
16 35
17 18
17 19
17 20
17 21
17 22
17 23
17 24
17 33
17 34
17 35
18 19
18 20
18 21
18 22
18 23
18 24
18 33
18 34
18 35
19 20
19 21
19 22
19 23
19 24
19 33
19 34
19 35
20 21
20 22
20 23
20 24
20 33
20 34
20 35
21 22
21 23
21 24
21 33
21 34
21 35
22 23
22 24
22 33
22 34
22 35
23 24
23 33
23 34
23 35
24 33
24 34
24 35
25 26
25 27
25 23
25 31
26 27
26 31
27 6
27 31
28 29
28 30
28 26
28 32
29 30
29 32
30 32
33 34
33 35
34 35
36 12
36 13
36 14
36 15
36 16
36 17
36 18
36 19
36 20
36 21
36 22
36 23
36 24
36 33
36 34
36 35
37 38
37 39
37 40
37 41
38 39
38 40
38 41
39 40
39 41
40 41
42 43
42 1
42 2
42 3
42 4
42 5
42 6
42 7
42 8
42 9
42 10
42 11
42 37
42 38
42 39
42 40
42 41
43 1
43 2
43 3
43 4
43 5
43 6
43 7
43 8
43 9
43 10
43 11
43 37
43 38
43 39
43 40
43 41
