84 48 101 5 231 238 36 109 49 72 82 75 9 65 239 105 8 95 4 74 32 28 17 6 98 237 80 86 53 230 66 56 236 69 16 58 92 37 102 12 29 232 77 46 2 20 47 94 110 22 44 10 83 215 24 51 23 85 30 41 71 21 63 35 27 34 68 89 31 39 54 26 111 115 14 112 67 99 100 87 79 11 78 38 60 70 97 33 91 93 43 73 106 96 117 13 57 3 45 130 59 55 1 42 18 40 76 15 7 107 19 25 64
229 220 213 231 226 228 227 224 222 223 214 209 208 211 217 210 221 233 225 235 240 207 215 216 234 218 219
201 189 174 197 190 191 182 175 172 202 177 171 192 168 193 169 184 203 195 204 186 199 176 222 183 179 167 170 187 200 166 198 188 185 196 173 234 205 194
4 74 116
3 103 67 42 98 72
132 163 138 154 153 148 137 128 133 127 147 142 160 159 145 144 119 135 149 120 134 151 162 164 152 124 143 123 121 131 129 156 141 157 155 136 146 126 161 130 140 158 150 118 125
122 137 118
178 124 180 181
86 78 38
198 186 176
52 48 116
92 107 108
