1 2
1 3
1 4
1 5
1 6
1 7
1 72
2 10
2 11
2 110
2 39
2 41
2 42
3 101
3 11
3 41
3 42
3 9
3 91
4 104
4 22
4 32
4 46
4 5
4 55
4 59
4 6
4 74
5 38
5 39
5 45
5 6
5 66
5 69
5 85
5 9
6 109
6 31
6 32
7 102
8 10
8 11
8 12
8 9
9 10
9 11
9 41
9 53
9 69
9 70
9 82
9 85
10 102
10 108
10 38
10 54
10 70
10 77
10 83
10 89
10 91
10 94
11 12
11 15
11 28
11 39
11 40
11 43
11 65
11 79
11 87
11 89
11 93
11 94
12 100
12 15
12 19
12 28
12 39
12 40
12 66
12 69
12 73
12 75
12 97
13 14
13 15
13 16
13 18
13 19
13 30
13 43
13 47
13 59
13 65
13 74
13 86
13 92
14 101
14 15
14 17
14 18
14 51
14 56
14 57
14 74
14 75
15 115
15 16
15 18
15 22
15 23
15 29
15 33
15 34
15 37
15 40
15 43
15 49
15 54
15 59
15 60
15 62
15 65
15 80
15 81
15 83
15 96
16 17
16 22
16 27
16 29
16 34
16 49
16 60
16 92
16 96
17 19
17 22
17 64
17 74
17 84
18 56
18 65
18 74
18 86
19 36
19 63
19 75
20 112
20 117
20 22
20 23
20 24
20 25
20 95
21 23
21 25
21 36
21 37
21 38
21 95
22 23
22 92
23 111
23 115
23 25
23 29
23 33
23 34
23 40
23 51
23 54
23 63
23 80
24 32
24 35
24 39
24 75
24 81
24 90
24 92
24 93
25 111
25 112
25 117
25 37
25 41
25 93
25 95
25 98
26 109
26 27
26 28
26 29
26 30
26 31
26 32
26 48
26 62
27 30
27 46
27 54
27 55
28 100
28 31
28 32
28 33
28 44
28 71
29 104
29 105
29 106
29 113
29 34
29 48
29 53
29 57
29 63
30 100
30 104
30 55
30 84
30 99
31 100
31 109
31 41
31 48
31 49
31 60
32 55
32 92
32 93
33 109
33 34
33 35
33 60
35 100
35 105
35 109
35 74
35 92
35 98
36 106
36 43
36 45
36 47
36 63
36 78
36 79
37 40
37 54
38 101
38 58
38 69
38 78
38 86
39 78
40 102
40 54
40 66
40 71
40 73
40 75
40 85
40 89
40 94
41 103
41 68
41 69
41 70
41 94
42 103
42 110
42 58
42 67
42 72
42 74
43 44
43 45
43 46
43 47
44 48
44 64
44 76
45 47
45 63
45 72
45 76
45 77
45 80
45 93
46 55
46 60
46 82
46 84
46 87
47 79
47 97
48 116
48 50
48 51
48 52
49 100
49 103
49 68
50 89
51 104
51 114
51 63
51 73
52 116
52 63
53 63
53 68
53 78
53 84
53 89
54 105
54 115
54 71
54 96
55 84
55 86
55 87
55 92
55 94
55 99
56 57
56 58
57 101
57 68
57 74
58 104
58 110
58 88
58 91
58 99
59 60
59 61
60 113
60 114
61 87
62 63
62 64
63 86
66 67
67 103
67 72
67 89
68 70
69 109
69 111
69 73
69 87
69 93
69 98
71 72
72 103
72 73
73 84
73 99
74 100
74 101
74 106
74 108
74 116
74 87
75 103
75 77
75 80
75 89
76 78
77 81
77 89
78 85
78 86
78 87
78 88
79 97
81 82
82 83
82 84
82 85
83 91
84 107
84 99
86 106
87 101
87 105
87 107
89 90
91 94
91 98
92 107
92 108
93 112
93 113
94 102
94 98
95 117
97 100
97 98
98 103
98 111
101 102
102 112
107 108
118 119
118 120
118 121
118 122
118 131
118 137
119 125
119 126
119 127
119 128
119 129
119 158
119 160
120 121
120 123
120 127
120 132
120 136
120 161
121 125
121 126
121 127
121 128
121 129
121 131
121 132
121 135
121 138
121 142
121 148
121 151
121 159
121 160
121 162
121 163
122 137
123 124
123 125
123 126
123 160
124 125
124 126
124 160
125 127
125 132
125 134
125 161
126 160
126 161
126 162
127 129
127 130
127 131
127 132
127 133
127 134
127 136
127 137
127 141
127 142
127 145
127 148
127 149
127 150
127 151
127 155
127 156
127 158
127 159
127 161
127 162
128 129
128 132
128 138
128 141
128 145
128 146
128 149
128 152
128 156
128 157
128 163
128 164
128 165
129 131
129 132
129 141
129 155
129 158
130 138
130 140
130 141
130 144
131 133
131 151
131 159
131 164
132 134
132 142
132 144
132 145
132 156
132 163
133 141
133 142
133 152
133 153
133 154
133 156
133 157
134 139
134 143
134 144
135 136
136 138
136 139
136 157
136 160
137 143
138 140
138 144
138 158
139 151
139 152
139 162
140 144
141 144
141 145
143 144
143 151
143 161
144 156
145 146
145 147
145 148
147 151
147 153
147 155
148 149
148 150
148 151
149 152
149 157
149 158
149 163
150 151
150 152
150 155
150 156
151 155
152 153
152 154
152 164
153 154
155 162
157 158
159 165
161 162
162 165
166 168
166 169
166 170
166 171
166 173
167 168
167 171
167 174
167 178
167 190
167 192
167 204
168 179
168 185
168 194
168 196
168 197
168 198
168 200
168 203
169 170
169 172
169 173
169 197
170 173
170 185
170 187
170 188
170 189
170 192
170 193
170 202
170 204
171 172
171 174
171 175
171 194
171 196
171 197
171 199
172 198
172 200
173 188
173 197
174 176
174 177
175 183
175 190
175 191
176 186
176 190
176 198
177 196
177 206
178 180
178 181
179 188
179 194
179 197
179 200
180 181
182 183
182 185
182 186
182 187
182 189
183 186
183 191
183 192
183 195
183 202
183 204
184 186
184 188
184 193
184 195
184 202
184 204
185 186
185 187
185 191
185 193
185 195
185 204
186 187
186 193
186 195
186 198
187 194
187 197
187 199
187 200
188 193
189 192
189 202
190 197
191 193
191 202
192 193
192 194
192 195
192 201
192 206
193 195
193 202
194 196
194 197
194 198
194 201
194 203
194 205
195 197
195 202
196 198
196 199
197 203
197 205
198 202
198 203
198 205
199 200
200 201
207 209
207 210
207 212
207 213
208 209
208 210
208 211
208 216
208 220
208 221
208 223
208 225
208 226
208 227
208 228
208 229
208 231
209 210
209 211
209 213
209 214
209 217
209 218
209 221
209 225
209 226
209 228
209 229
210 211
210 216
210 219
210 220
210 221
210 223
210 225
210 228
210 233
211 216
211 217
211 223
211 232
211 240
213 215
213 218
213 223
213 229
213 233
213 234
213 240
214 215
214 216
215 218
215 226
215 231
215 236
215 237
215 238
216 220
216 223
216 225
216 227
216 228
216 230
216 233
216 235
217 218
217 219
217 220
217 221
217 222
217 225
217 226
217 228
218 221
218 222
219 220
219 221
219 224
219 226
219 228
219 234
219 235
219 240
220 221
220 223
220 225
220 226
220 228
220 229
220 233
221 223
221 224
221 225
221 226
221 228
223 224
224 226
224 227
225 228
226 235
227 228
227 229
229 231
229 233
229 241
230 231
230 232
231 233
231 235
231 236
231 237
231 238
232 236
232 237
232 238
232 239
233 234
233 235
234 240
235 240
236 237
237 238
238 105
238 239
238 107
237 105
237 107
105 239
105 107
239 107
7 130
7 110
7 91
7 70
130 110
130 91
130 70
110 91
110 70
91 70
180 124
181 124
222 188
222 234
222 173
188 234
234 173
72 2
72 4
72 7
72 3
72 6
72 5
2 4
2 7
2 3
2 6
2 5
4 7
4 3
7 3
7 6
7 5
3 6
3 5
126 147
126 181
126 178
126 165
126 125
126 180
123 147
123 162
123 181
123 178
123 165
123 180
147 162
147 181
147 124
147 178
147 165
147 125
147 180
147 160
162 181
162 124
162 178
162 125
162 180
162 160
181 165
181 125
181 160
124 178
124 165
178 165
178 125
178 160
165 125
165 180
165 160
125 180
125 160
180 160
