5 9
5 8
5 7
4 9
4 8
4 6
3 9
3 7
3 6
2 9
2 8
2 7
1 6
1 7
1 8
13 17
13 16
13 18
13 15
10 14
10 17
10 18
10 15
12 14
12 17
12 16
12 18
12 15
14 11
17 11
11 16
11 15
23 29
23 27
23 26
23 30
29 24
29 20
29 22
29 21
29 19
27 24
27 20
27 21
27 19
28 24
28 20
28 22
28 21
28 19
24 26
20 25
20 26
20 30
22 25
22 30
25 21
25 19
26 21
26 19
30 21
30 19
22 31
24 31
20 31
23 31
31 21
31 19
36 34
36 32
35 34
35 32
37 34
37 32
50 39
50 45
50 41
50 40
50 44
50 42
49 39
49 45
49 41
49 40
49 44
49 42
49 38
39 54
39 51
39 53
39 46
39 48
39 47
45 54
45 52
45 53
45 48
54 41
54 44
54 42
54 38
51 41
51 40
51 44
51 42
51 38
52 44
52 42
53 41
53 44
53 42
53 38
41 46
41 48
41 47
40 46
40 48
40 47
46 38
44 48
42 48
42 47
38 47
43 54
43 51
43 52
43 46
49 43
43 48
50 43
43 47
36 33
35 33
37 33
9 32
8 10
7 19
1 36
2 15
3 25
33 15
34 16
37 11
13 25
18 20
16 20
15 40
14 41
12 30
13 47
11 48
10 49
24 49
24 50
23 52
21 53
29 40
31 42
26 44

